0  , 123, 139,
255, 230, 222,
255, 172, 139,
205, 98 , 74 ,
131, 49 , 0  ,
238, 246, 255,
213, 222, 230,
148, 148, 164,
74 , 74 , 90 ,
238, 230, 246,
213, 180, 230,
164, 106, 197,
98 , 49 , 90 ,
57 , 90 , 255,
32 , 32 , 255,
16 , 8  , 164,
197, 123, 106,
139, 82 , 74 ,
82 , 49 , 41 ,
49 , 24 , 16 ,
255, 255, 255,
189, 197, 197,
115, 131, 139,
49 , 65 , 74 ,
255, 106, 123,
255, 41 , 41 ,
180, 0  , 0  ,
98 , 16 , 0  ,
189, 189, 189,
0  , 0  , 0  ,
0  , 0  , 0  ,
0  , 0  , 0  ,
57 , 57 , 98 ,
32 , 41 , 65 ,
0  , 0  , 0  ,
0  , 0  , 0  ,
255, 234, 245,
224, 162, 196,
176, 100, 145,
103, 55 , 93 ,
0  , 0  , 0  ,
0  , 0  , 0  ,
0  , 0  , 0  ,
0  , 0  , 0  ,
0  , 0  , 0  ,
0  , 0  , 0  ,
0  , 0  , 0  ,
0  , 0  , 0  ,
0  , 0  , 0  ,
0  , 0  , 0  ,
0  , 0  , 0  ,
0  , 0  , 0  ,
0  , 0  , 0  ,
0  , 0  , 0  ,
0  , 0  , 0  ,
0  , 0  , 0  ,
0  , 0  , 0  ,
0  , 0  , 0  ,
0  , 0  , 0  ,
0  , 0  , 0  ,
0  , 0  , 0  ,
0  , 0  , 0  ,
0  , 0  , 0  ,
0  , 0  , 0  ,
0  , 0  , 0  ,
0  , 0  , 0  ,
0  , 0  , 0  ,
0  , 0  , 0  ,
0  , 0  , 0  ,
0  , 0  , 0  ,
0  , 0  , 0  ,
0  , 0  , 0  ,
0  , 0  , 0  ,
0  , 0  , 0  ,
0  , 0  , 0  ,
0  , 0  , 0  ,
0  , 0  , 0  ,
0  , 0  , 0  ,
0  , 0  , 0  ,
0  , 0  , 0  ,
0  , 0  , 0  ,
0  , 0  , 0  ,
0  , 0  , 0  ,
0  , 0  , 0  ,
0  , 0  , 0  ,
0  , 0  , 0  ,
0  , 0  , 0  ,
0  , 0  , 0  ,
0  , 0  , 0  ,
0  , 0  , 0  ,
0  , 0  , 0  ,
0  , 0  , 0  ,
0  , 0  , 0  ,
0  , 0  , 0  ,
0  , 0  , 0  ,
0  , 0  , 0  ,
0  , 0  , 0  ,
0  , 0  , 0  ,
0  , 0  , 0  ,
0  , 0  , 0  ,
0  , 0  , 0  ,
0  , 0  , 0  ,
0  , 0  , 0  ,
0  , 0  , 0  ,
0  , 0  , 0  ,
0  , 0  , 0  ,
0  , 0  , 0  ,
0  , 0  , 0  ,
0  , 0  , 0  ,
0  , 0  , 0  ,
0  , 0  , 0  ,
0  , 0  , 0  ,
0  , 0  , 0  ,
0  , 0  , 0  ,
0  , 0  , 0  ,
0  , 0  , 0  ,
0  , 0  , 0  ,
0  , 0  , 0  ,
0  , 0  , 0  ,
0  , 0  , 0  ,
0  , 0  , 0  ,
0  , 0  , 0  ,
0  , 0  , 0  ,
0  , 0  , 0  ,
0  , 0  , 0  ,
0  , 0  , 0  ,
0  , 0  , 0  ,
0  , 0  , 0  ,
0  , 0  , 0  ,
0  , 0  , 0  ,
0  , 0  , 0  ,
0  , 0  , 0  ,
0  , 0  , 0  ,
0  , 0  , 0  ,
0  , 0  , 0  ,
0  , 0  , 0  ,
0  , 0  , 0  ,
0  , 0  , 0  ,
0  , 0  , 0  ,
0  , 0  , 0  ,
0  , 0  , 0  ,
0  , 0  , 0  ,
0  , 0  , 0  ,
0  , 0  , 0  ,
0  , 0  , 0  ,
0  , 0  , 0  ,
0  , 0  , 0  ,
0  , 0  , 0  ,
0  , 0  , 0  ,
0  , 0  , 0  ,
0  , 0  , 0  ,
0  , 0  , 0  ,
0  , 0  , 0  ,
0  , 0  , 0  ,
0  , 0  , 0  ,
0  , 0  , 0  ,
0  , 0  , 0  ,
0  , 0  , 0  ,
0  , 0  , 0  ,
0  , 0  , 0  ,
0  , 0  , 0  ,
0  , 0  , 0  ,
0  , 0  , 0  ,
0  , 0  , 0  ,
0  , 0  , 0  ,
0  , 0  , 0  ,
0  , 0  , 0  ,
0  , 0  , 0  ,
0  , 0  , 0  ,
0  , 0  , 0  ,
0  , 0  , 0  ,
0  , 0  , 0  ,
0  , 0  , 0  ,
0  , 0  , 0  ,
0  , 0  , 0  ,
0  , 0  , 0  ,
0  , 0  , 0  ,
0  , 0  , 0  ,
0  , 0  , 0  ,
0  , 0  , 0  ,
0  , 0  , 0  ,
0  , 0  , 0  ,
0  , 0  , 0  ,
0  , 0  , 0  ,
0  , 0  , 0  ,
0  , 0  , 0  ,
0  , 0  , 0  ,
0  , 0  , 0  ,
0  , 0  , 0  ,
0  , 0  , 0  ,
0  , 0  , 0  ,
0  , 0  , 0  ,
0  , 0  , 0  ,
0  , 0  , 0  ,
0  , 0  , 0  ,
0  , 0  , 0  ,
0  , 0  , 0  ,
0  , 0  , 0  ,
0  , 0  , 0  ,
0  , 0  , 0  ,
0  , 0  , 0  ,
0  , 0  , 0  ,
0  , 0  , 0  ,
0  , 0  , 0  ,
0  , 0  , 0  ,
0  , 0  , 0  ,
0  , 0  , 0  ,
0  , 0  , 0  ,
0  , 0  , 0  ,
0  , 0  , 0  ,
0  , 0  , 0  ,
0  , 0  , 0  ,
0  , 0  , 0  ,
0  , 0  , 0  ,
0  , 0  , 0  ,
0  , 0  , 0  ,
0  , 0  , 0  ,
0  , 0  , 0  ,
0  , 0  , 0  ,
0  , 0  , 0  ,
0  , 0  , 0  ,
0  , 0  , 0  ,
0  , 0  , 0  ,
0  , 0  , 0  ,
0  , 0  , 0  ,
0  , 0  , 0  ,
0  , 0  , 0  ,
0  , 0  , 0  ,
0  , 0  , 0  ,
0  , 0  , 0  ,
0  , 0  , 0  ,
0  , 0  , 0  ,
0  , 0  , 0  ,
0  , 0  , 0  ,
0  , 0  , 0  ,
0  , 0  , 0  ,
0  , 0  , 0  ,
0  , 0  , 0  ,
0  , 0  , 0  ,
0  , 0  , 0  ,
0  , 0  , 0  ,
0  , 0  , 0  ,
0  , 0  , 0  ,
0  , 0  , 0  ,
0  , 0  , 0  ,
0  , 0  , 0  ,
0  , 0  , 0  ,
0  , 0  , 0  ,
0  , 0  , 0  ,
0  , 0  , 0  ,
0  , 0  , 0  ,
0  , 0  , 0  ,
0  , 0  , 0  ,
0  , 0  , 0  ,
0  , 0  , 0  ,
0  , 0  , 0  ,
