186, 83 , 10 ,
255, 222, 205,
255, 172, 139,
205, 98 , 74 ,
131, 49 , 0  ,
255, 255, 255,
189, 189, 230,
123, 123, 172,
74 , 82 , 106,
0  , 0  , 0  ,
0  , 0  , 0  ,
0  , 0  , 0  ,
0  , 0  , 0  ,
0  , 0  , 0  ,
0  , 0  , 0  ,
0  , 0  , 0  ,
115, 121, 140,
90 , 89 , 107,
66 , 56 , 74 ,
24 , 24 , 33 ,
247, 195, 206,
206, 138, 156,
156, 81 , 123,
165, 97 , 255,
107, 40 , 206,
82 , 8  , 132,
222, 251, 255,
115, 251, 239,
33 , 195, 181,
16 , 138, 132,
66 , 97 , 99 ,
0  , 0  , 0  ,
210, 217, 255,
165, 183, 196,
124, 145, 159,
62 , 103, 138,
0  , 0  , 0  ,
0  , 0  , 0  ,
0  , 0  , 0  ,
0  , 0  , 0  ,
0  , 0  , 0  ,
0  , 0  , 0  ,
0  , 0  , 0  ,
0  , 0  , 0  ,
0  , 0  , 0  ,
0  , 0  , 0  ,
0  , 0  , 0  ,
0  , 0  , 0  ,
0  , 0  , 0  ,
0  , 0  , 0  ,
0  , 0  , 0  ,
0  , 0  , 0  ,
0  , 0  , 0  ,
0  , 0  , 0  ,
0  , 0  , 0  ,
0  , 0  , 0  ,
0  , 0  , 0  ,
0  , 0  , 0  ,
0  , 0  , 0  ,
0  , 0  , 0  ,
0  , 0  , 0  ,
0  , 0  , 0  ,
0  , 0  , 0  ,
0  , 0  , 0  ,
0  , 0  , 0  ,
0  , 0  , 0  ,
0  , 0  , 0  ,
0  , 0  , 0  ,
0  , 0  , 0  ,
0  , 0  , 0  ,
0  , 0  , 0  ,
0  , 0  , 0  ,
0  , 0  , 0  ,
0  , 0  , 0  ,
0  , 0  , 0  ,
0  , 0  , 0  ,
0  , 0  , 0  ,
0  , 0  , 0  ,
0  , 0  , 0  ,
0  , 0  , 0  ,
0  , 0  , 0  ,
0  , 0  , 0  ,
0  , 0  , 0  ,
0  , 0  , 0  ,
0  , 0  , 0  ,
0  , 0  , 0  ,
0  , 0  , 0  ,
0  , 0  , 0  ,
0  , 0  , 0  ,
0  , 0  , 0  ,
0  , 0  , 0  ,
0  , 0  , 0  ,
0  , 0  , 0  ,
0  , 0  , 0  ,
0  , 0  , 0  ,
0  , 0  , 0  ,
0  , 0  , 0  ,
0  , 0  , 0  ,
0  , 0  , 0  ,
0  , 0  , 0  ,
0  , 0  , 0  ,
0  , 0  , 0  ,
0  , 0  , 0  ,
0  , 0  , 0  ,
0  , 0  , 0  ,
0  , 0  , 0  ,
0  , 0  , 0  ,
0  , 0  , 0  ,
0  , 0  , 0  ,
0  , 0  , 0  ,
0  , 0  , 0  ,
0  , 0  , 0  ,
0  , 0  , 0  ,
0  , 0  , 0  ,
0  , 0  , 0  ,
0  , 0  , 0  ,
0  , 0  , 0  ,
0  , 0  , 0  ,
0  , 0  , 0  ,
0  , 0  , 0  ,
0  , 0  , 0  ,
0  , 0  , 0  ,
0  , 0  , 0  ,
0  , 0  , 0  ,
0  , 0  , 0  ,
0  , 0  , 0  ,
0  , 0  , 0  ,
0  , 0  , 0  ,
0  , 0  , 0  ,
0  , 0  , 0  ,
0  , 0  , 0  ,
0  , 0  , 0  ,
0  , 0  , 0  ,
0  , 0  , 0  ,
0  , 0  , 0  ,
0  , 0  , 0  ,
0  , 0  , 0  ,
0  , 0  , 0  ,
0  , 0  , 0  ,
0  , 0  , 0  ,
0  , 0  , 0  ,
0  , 0  , 0  ,
0  , 0  , 0  ,
0  , 0  , 0  ,
0  , 0  , 0  ,
0  , 0  , 0  ,
0  , 0  , 0  ,
0  , 0  , 0  ,
0  , 0  , 0  ,
0  , 0  , 0  ,
0  , 0  , 0  ,
0  , 0  , 0  ,
0  , 0  , 0  ,
0  , 0  , 0  ,
0  , 0  , 0  ,
0  , 0  , 0  ,
0  , 0  , 0  ,
0  , 0  , 0  ,
0  , 0  , 0  ,
0  , 0  , 0  ,
0  , 0  , 0  ,
0  , 0  , 0  ,
0  , 0  , 0  ,
0  , 0  , 0  ,
0  , 0  , 0  ,
0  , 0  , 0  ,
0  , 0  , 0  ,
0  , 0  , 0  ,
0  , 0  , 0  ,
0  , 0  , 0  ,
0  , 0  , 0  ,
0  , 0  , 0  ,
0  , 0  , 0  ,
0  , 0  , 0  ,
0  , 0  , 0  ,
0  , 0  , 0  ,
0  , 0  , 0  ,
0  , 0  , 0  ,
0  , 0  , 0  ,
0  , 0  , 0  ,
0  , 0  , 0  ,
0  , 0  , 0  ,
0  , 0  , 0  ,
0  , 0  , 0  ,
0  , 0  , 0  ,
0  , 0  , 0  ,
0  , 0  , 0  ,
0  , 0  , 0  ,
0  , 0  , 0  ,
0  , 0  , 0  ,
0  , 0  , 0  ,
0  , 0  , 0  ,
0  , 0  , 0  ,
0  , 0  , 0  ,
0  , 0  , 0  ,
0  , 0  , 0  ,
0  , 0  , 0  ,
0  , 0  , 0  ,
0  , 0  , 0  ,
0  , 0  , 0  ,
0  , 0  , 0  ,
0  , 0  , 0  ,
0  , 0  , 0  ,
0  , 0  , 0  ,
0  , 0  , 0  ,
0  , 0  , 0  ,
0  , 0  , 0  ,
0  , 0  , 0  ,
0  , 0  , 0  ,
0  , 0  , 0  ,
0  , 0  , 0  ,
0  , 0  , 0  ,
0  , 0  , 0  ,
0  , 0  , 0  ,
0  , 0  , 0  ,
0  , 0  , 0  ,
0  , 0  , 0  ,
0  , 0  , 0  ,
0  , 0  , 0  ,
0  , 0  , 0  ,
0  , 0  , 0  ,
0  , 0  , 0  ,
0  , 0  , 0  ,
0  , 0  , 0  ,
0  , 0  , 0  ,
0  , 0  , 0  ,
0  , 0  , 0  ,
0  , 0  , 0  ,
0  , 0  , 0  ,
0  , 0  , 0  ,
0  , 0  , 0  ,
0  , 0  , 0  ,
0  , 0  , 0  ,
0  , 0  , 0  ,
0  , 0  , 0  ,
0  , 0  , 0  ,
0  , 0  , 0  ,
0  , 0  , 0  ,
0  , 0  , 0  ,
0  , 0  , 0  ,
0  , 0  , 0  ,
0  , 0  , 0  ,
0  , 0  , 0  ,
0  , 0  , 0  ,
0  , 0  , 0  ,
0  , 0  , 0  ,
0  , 0  , 0  ,
0  , 0  , 0  ,
0  , 0  , 0  ,
0  , 0  , 0  ,
0  , 0  , 0  ,
0  , 0  , 0  ,
0  , 0  , 0  ,
0  , 0  , 0  ,
0  , 0  , 0  ,
0  , 0  , 0  ,
